"0", 2.04103e-08, 1, 6.83155e-07, 0.058435, 1, -2.10228e-08, 0.000896621, -3.3868e-07, 0.000896621, 6.83136e-07, -1, 500.452, 0, 0, 0, 1, -8.26443e-15, -3.84696, 480.968, 3.84935, 0.00239728, 100.457, -1.33374e-17, 8.24127e-06, 1, 3390.97, 3390.97, 3010.04, 3010.04, 2884.46, 3265.54, 3265.39, 2884.61, 
"1", 1.71034e-06, 1, 7.95038e-05, 0.232036, 0.99998, -2.21734e-06, 0.00637755, -3.94073e-05, 0.00637756, 7.94912e-05, -0.99998, 500.31, 0, 0, 0, 1, 0.000206618, -3.84109, 481.846, 3.85831, 0.0171424, 100.991, 7.41023e-07, 5.87422e-05, 1, 3393.85, 3393.83, 3013, 3012.99, 2883.99, 3265.93, 3264.82, 2885.09, 
"2", 2.30884e-06, 1, 0.000205532, 0.515651, 0.999831, -6.08837e-06, 0.018391, -0.000102745, 0.018391, 0.000205455, -0.999831, 500.087, 0, 0, 0, 1, 0.000525877, -3.82982, 481.149, 3.87897, 0.0498885, 100.933, 1.90228e-06, 0.000170348, 1, 3400.15, 3400.11, 3019.34, 3019.31, 2882.93, 3266.86, 3263.68, 2886.12, 
"3", 3.86974e-06, 1, 0.000264108, 0.905105, 0.99946, -1.25494e-05, 0.032872, -0.000137752, 0.032872, 0.000263838, -0.99946, 499.799, 0, 0, 0, 1, 0.000663675, -3.81731, 481.86, 3.90439, 0.0901039, 100.659, 2.46512e-06, 0.000306645, 1, 3407.86, 3407.81, 3026.92, 3026.88, 2881.66, 3268.07, 3262.38, 2887.35, 
"6", 9.6138e-05, 0.999999, -0.00113329, 2.65175, 0.998686, -3.79382e-05, 0.0512433, 0.00053264, 0.0512433, -0.00113673, -0.998686, 498.716, 0, 0, 0, 1, -0.00320651, -3.79605, 481.399, 3.92595, 0.141609, 100.003, -1.0667e-05, 0.000482174, 1, 3418.4, 3418.59, 3037.58, 3037.78, 2881, 3270.19, 3261.27, 2889.83, 
"7", -4.9493e-05, 1, 6.48931e-05, 3.39907, 0.99855, 4.59278e-05, 0.0538335, 1.77145e-05, 0.0538335, 6.74633e-05, -0.99855, 498.32, 0, 0, 0, 1, 0.000354707, -3.79386, 481.32, 3.93365, 0.149895, 100.256, 6.08848e-07, 0.000507513, 1, 3420.32, 3420.33, 3039.7, 3039.67, 2880.26, 3269.66, 3260.36, 2889.59, 
"8", -0.000298897, 0.999999, 0.00155822, 4.2172, 0.998446, 0.000211606, 0.0557218, -0.000619965, 0.0557214, 0.00157245, -0.998445, 497.919, 0, 0, 0, 1, 0.0050393, -3.79268, 480.938, 3.94129, 0.156587, 100.407, 1.47145e-05, 0.00052619, 1, 3421.94, 3421.74, 3041.58, 3041.24, 2879.41, 3268.88, 3259.37, 2889.17, 
"9", -0.000473755, 0.999994, 0.00342937, 5.10017, 0.998356, 0.000276404, 0.0573206, -0.00150199, 0.0573193, 0.00345089, -0.99835, 497.516, 0, 0, 0, 1, 0.0103748, -3.79183, 481.51, 3.95013, 0.162132, 100.412, 3.24325e-05, 0.000542225, 1, 3423.51, 3422.99, 3043.38, 3042.71, 2878.41, 3267.9, 3258.21, 2888.53, 
"10", -0.000374961, 0.999985, 0.00552389, 6.04245, 0.998242, 4.69476e-05, 0.0592617, -0.00266885, 0.0592605, 0.0055364, -0.998227, 497.113, 0, 0, 0, 1, 0.0151485, -3.79171, 481.395, 3.96083, 0.167578, 100.326, 5.23625e-05, 0.000561714, 1, 3425.4, 3424.4, 3045.35, 3044.43, 2877.33, 3266.91, 3256.87, 2887.76, 
"18", 0.00479211, 0.999974, 0.00534684, 15.3358, 0.992536, -0.0054079, 0.121834, -0.02768, 0.121859, 0.00472309, -0.992536, 494.533, 0, 0, 0, 1, -0.00736598, -3.76114, 485.64, 4.0836, 0.340687, 100.669, 5.25293e-05, 0.00119689, 1, 3467.64, 3464.4, 3082.17, 3083.29, 2872.67, 3274.33, 3251.38, 2892.16, 
"19", 0.00443871, 0.999971, 0.00616312, 16.7521, 0.988942, -0.0053032, 0.148208, -0.0368297, 0.148236, 0.00543712, -0.988937, 494.68, 0, 0, 0, 1, -0.00488237, -3.76946, 489.41, 4.15847, 0.432846, 100.758, 6.16001e-05, 0.00148128, 1, 3484.41, 3480.96, 3095.41, 3096.37, 2868.76, 3277.34, 3249.72, 2893.24, 
"20", 0.00475577, 0.999969, 0.00627793, 18.2249, 0.985777, -0.00574275, 0.167959, -0.0467889, 0.16799, 0.00538987, -0.985774, 494.905, 0, 0, 0, 1, -0.00659019, -3.77986, 492.842, 4.21679, 0.501656, 100.011, 6.35973e-05, 0.00170127, 1, 3497.84, 3494.11, 3105.44, 3106.54, 2866.01, 3280.23, 3248.78, 2894.1, 
"21", 0.00599459, 0.999972, 0.00446086, 19.7486, 0.983141, -0.00670883, 0.182725, -0.0568204, 0.182749, 0.00329029, -0.983154, 495.183, 0, 0, 0, 1, -0.0160858, -3.78578, 496.476, 4.25342, 0.550836, 100.092, 4.56094e-05, 0.00186835, 1, 3508.48, 3504.66, 3112.96, 3114.69, 2865.09, 3283.84, 3249, 2895.49, 
"22", 0.00747147, 0.999967, 0.00320078, 21.3177, 0.980638, -0.00795336, 0.195668, -0.0680648, 0.195687, 0.00167688, -0.980665, 495.503, 0, 0, 0, 1, -0.0254093, -3.79513, 499.349, 4.28943, 0.593749, 100.142, 3.30126e-05, 0.00201823, 1, 3518.35, 3514.22, 3119.67, 3122.04, 2864.14, 3287.09, 3249.07, 2896.46, 
"29", 0.00805937, 0.999968, -0.000103003, 33.2889, 0.970131, -0.00779392, 0.242457, -0.165646, 0.242448, -0.00205397, -0.970162, 498.529, 0, 0, 0, 1, -0.0361166, -3.86077, 512.356, 4.45648, 0.788876, 100.242, -1.09916e-06, 0.00258885, 1, 3561.36, 3557.84, 3149.75, 3152.59, 2857.24, 3298.49, 3250.18, 2898.96, 
"30", 0.0079759, 0.999967, 0.00173542, 35.1037, 0.968487, -0.00815682, 0.24893, -0.18153, 0.248936, -0.000304712, -0.96852, 499.045, 0, 0, 0, 1, -0.0325408, -3.87925, 514.127, 4.49572, 0.822406, 100.872, 1.86399e-05, 0.00267484, 1, 3568.13, 3563.96, 3154.15, 3156.85, 2854.87, 3298.94, 3249.29, 2898.12, 
"31", 0.00762066, 0.999967, 0.00264122, 36.9366, 0.966933, -0.00804218, 0.254903, -0.197301, 0.254916, 0.000611347, -0.966963, 499.582, 0, 0, 0, 1, -0.029506, -3.89378, 516.411, 4.52855, 0.853685, 100.957, 2.85402e-05, 0.0027541, 1, 3574.41, 3570.04, 3158.36, 3160.88, 2852.96, 3299.74, 3248.91, 2897.74, 
"32", 0.00767568, 0.999968, 0.00203906, 38.7853, 0.965191, -0.00794181, 0.261427, -0.212699, 0.261434, -3.85454e-05, -0.965221, 500.137, 0, 0, 0, 1, -0.0311346, -3.90586, 518.992, 4.55526, 0.884348, 100.855, 2.2148e-05, 0.00283939, 1, 3580.99, 3576.78, 3162.7, 3165.28, 2851.86, 3301.62, 3249.23, 2898.07, 
"33", 0.00785816, 0.999967, 0.00207908, 40.6466, 0.962964, -0.00812772, 0.269508, -0.228714, 0.269516, -0.000115761, -0.962996, 500.71, 0, 0, 0, 1, -0.0322339, -3.92332, 521.981, 4.59278, 0.921333, 100.118, 2.27456e-05, 0.00294781, 1, 3588.98, 3584.62, 3167.75, 3170.4, 2850.12, 3303.56, 3249.21, 2898.11, 
"40", 0.00909815, 0.999952, -0.00349557, 53.88, 0.946864, -0.00749107, 0.321548, -0.340612, 0.321507, -0.00623532, -0.946887, 505.271, 0, 0, 0, 1, -0.0498178, -4.05437, 542.767, 4.82838, 1.19765, 100.7, -4.00027e-05, 0.00368021, 1, 3643.77, 3640.97, 3201.31, 3204.63, 2840.7, 3321.01, 3252.56, 2900.71, 
"41", 0.0093824, 0.999947, -0.00428423, 55.7796, 0.944211, -0.00744874, 0.329258, -0.3554, 0.329209, -0.00713445, -0.94423, 505.995, 0, 0, 0, 1, -0.0527806, -4.0777, 546.362, 4.86741, 1.24017, 100.134, -4.93999e-05, 0.0037959, 1, 3652.36, 3649.8, 3206.26, 3209.7, 2839.13, 3323.87, 3253.1, 2901.02, 
"42", 0.00996085, 0.999938, -0.00507318, 57.6768, 0.941519, -0.00766979, 0.336874, -0.369646, 0.336814, -0.00813204, -0.941536, 506.738, 0, 0, 0, 1, -0.0571685, -4.10205, 550.089, 4.90708, 1.28573, 100.657, -5.89113e-05, 0.00391217, 1, 3661.09, 3658.62, 3211.13, 3214.79, 2837.66, 3326.9, 3253.66, 2901.31, 
"43", 0.0105102, 0.999924, -0.00639164, 59.5712, 0.938769, -0.00766558, 0.344462, -0.383126, 0.344387, -0.00962064, -0.938778, 507.497, 0, 0, 0, 1, -0.0623199, -4.12222, 554.804, 4.9442, 1.32898, 100.42, -7.47626e-05, 0.00402886, 1, 3669.8, 3667.73, 3216, 3219.87, 2836.42, 3330.29, 3254.5, 2901.84, 
"44", 0.0106691, 0.999915, -0.00747229, 61.4615, 0.935849, -0.00735264, 0.352324, -0.396169, 0.352239, -0.0107519, -0.935848, 508.273, 0, 0, 0, 1, -0.0650102, -4.15241, 557.878, 4.98546, 1.38054, 100.762, -8.8083e-05, 0.00415262, 1, 3678.88, 3677.29, 3221.08, 3225.02, 2834.76, 3333.55, 3255.25, 2902.26, 
"52", 0.00420998, 0.999991, -0.000545135, 76.3443, 0.912721, -0.00361985, 0.408567, -0.477611, 0.408561, -0.00221762, -0.912728, 515.017, 0, 0, 0, 1, -0.0236336, -4.43344, 593.299, 5.44218, 1.87561, 100.177, -6.87772e-06, 0.00515873, 1, 3753.3, 3751.36, 3260.69, 3262.2, 2808.18, 3347.39, 3254.11, 2897.22, 
"53", 0.00306391, 0.999995, 0.000882381, 78.1689, 0.911067, -0.0031552, 0.412245, -0.485485, 0.412246, -0.000459172, -0.911073, 515.918, 0, 0, 0, 1, -0.0156664, -4.46557, 595.819, 5.48839, 1.92132, 100.068, 1.12051e-05, 0.00523378, 1, 3759.82, 3757.61, 3264.17, 3265.26, 2805.07, 3347.71, 3253.71, 2896.21, 
"54", 0.00184291, 0.999995, 0.00249545, 79.9885, 0.910624, -0.00270939, 0.413227, -0.493334, 0.413232, 0.00151087, -0.910624, 516.825, 0, 0, 0, 1, -0.00693632, -4.48324, 597.466, 5.51814, 1.94853, 100.685, 3.17624e-05, 0.00525811, 1, 3763.47, 3760.91, 3266.37, 3267.03, 2802.69, 3346.95, 3253.22, 2895.08, 
"55", 0.00127315, 0.999992, 0.00381028, 81.8044, 0.910546, -0.00273445, 0.413399, -0.500967, 0.413406, 0.00294311, -0.910542, 517.734, 0, 0, 0, 1, -0.00215407, -4.49864, 598.309, 5.5399, 1.95652, 100.071, 4.85312e-05, 0.00526582, 1, 3766.31, 3763.24, 3268.08, 3268.53, 2801.07, 3346.42, 3252.87, 2894.1, 
"56", 0.00122581, 0.999988, 0.00474489, 83.6184, 0.911274, -0.00307097, 0.411789, -0.508516, 0.411798, 0.00381912, -0.911267, 518.641, 0, 0, 0, 1, -0.000613795, -4.49914, 599.207, 5.54614, 1.94945, 100.556, 6.03533e-05, 0.00523782, 1, 3767.21, 3763.59, 3268.84, 3269.28, 2800.56, 3345.77, 3252.71, 2893.31, 
"62", -0.232908, 0.769739, 0.594353, 93.5442, 0.898672, -0.0632243, 0.434041, -1.11764, 0.371676, 0.63522, -0.677017, 523.149, 0, 0, 0, 1, 9.79159, -13.3626, 1613.72, 69.4633, 38.7248, 100.975, 0.0260433, 0.0190188, 1, 4687.72, 3795.88, 3304.75, 3174.88, 1076.98, 2926.05, 2955.73, 2340.87, 
"63", -0.168004, 0.757694, 0.630614, 94.8814, 0.899716, -0.143564, 0.412191, -1.32508, 0.402848, 0.636623, -0.65759, 523.75, 0, 0, 0, 1, 8.90357, -16.3239, 1922.18, 88.7919, 44.0251, 100.623, 0.0315423, 0.0206171, 1, 5036.18, 3794.05, 3306.67, 3214.66, 888.623, 2944.61, 2937.58, 2254.29, 
"64", -0.103338, 0.750563, 0.652668, 96.1301, 0.888678, -0.225046, 0.399507, -1.5888, 0.446736, 0.621296, -0.643753, 524.31, 0, 0, 0, 1, 6.26505, -19.3532, 2235.49, 104.559, 47.3289, 100.563, 0.036215, 0.0221677, 1, 5412.49, 3799.8, 3315.61, 3277.02, 794.563, 2973.45, 2926.7, 2192.19, 
"65", -0.048911, 0.744702, 0.665602, 97.2922, 0.869146, -0.296615, 0.395733, -1.91606, 0.492131, 0.597861, -0.632747, 524.832, 0, 0, 0, 1, 3.48668, -22.0389, 2582.01, 119.347, 51.1097, 100.47, 0.0406596, 0.0241741, 1, 5810.01, 3810.49, 3328.47, 3345.93, 733.47, 3004.16, 2921.27, 2153.77, 
"66", -0.00647702, 0.737055, 0.675802, 98.3689, 0.845669, -0.356632, 0.397062, -2.30714, 0.533669, 0.574076, -0.620994, 525.317, 0, 0, 0, 1, 2.07486, -24.5141, 3059.27, 141.71, 59.3388, 100.652, 0.0465442, 0.0273467, 1, 6301.27, 3824.16, 3342.75, 3412.57, 612.652, 3031.67, 2917.78, 2123.73, 
"136", 0.79996, -0.599126, -0.0333566, 51.1209, -0.599571, -0.80031, -0.00436384, -51.0153, -0.0240812, 0.0234905, -0.999434, 511.513, 0, 0, 0, 1, -3.21134, 2.3043, 415.032, -2.43465, -3.11143, 645.81, -0.000301311, -3.94211e-05, 1, 3271.03, 2956.1, 3192.59, 3501.68, 3375.81, 3147.23, 2830.13, 3069.1, 
"137", 0.802749, -0.595556, -0.0301173, 50.674, -0.595905, -0.803048, -0.00337913, -51.6075, -0.0221732, 0.0206597, -0.999541, 511.424, 0, 0, 0, 1, -3.21563, 2.2973, 415.747, -2.41299, -3.12356, 645.757, -0.000272543, -3.05828e-05, 1, 3272.75, 2957.1, 3191.88, 3502.13, 3377.76, 3150.15, 2832.66, 3069.55, 
"138", 0.805285, -0.592279, -0.0268834, 50.2312, -0.592561, -0.805519, -0.00326785, -52.1993, -0.0197197, 0.0185616, -0.999633, 511.335, 0, 0, 0, 1, -3.21783, 2.28759, 416.579, -2.39159, -3.13657, 645.305, -0.000243608, -2.96157e-05, 1, 3274.58, 2958.44, 3191.51, 3502.94, 3379.3, 3152.63, 2834.74, 3069.77, 
"139", 0.807517, -0.589297, -0.0254057, 49.7931, -0.58956, -0.807715, -0.00377229, -52.7912, -0.0182976, 0.0180244, -0.99967, 511.245, 0, 0, 0, 1, -3.22178, 2.27475, 416.826, -2.3753, -3.14754, 644.935, -0.000230319, -3.4201e-05, 1, 3275.83, 2959.15, 3190.76, 3503.21, 3379.93, 3154.34, 2835.81, 3069.46, 
"140", 0.809425, -0.586699, -0.0248248, 49.359, -0.58696, -0.809605, -0.00428132, -53.3825, -0.0175864, 0.0180366, -0.999683, 511.154, 0, 0, 0, 1, -3.22659, 2.26255, 417.623, -2.36272, -3.15614, 644.247, -0.000225054, -3.8822e-05, 1, 3276.62, 2959.43, 3189.83, 3503.09, 3380.25, 3155.69, 2836.51, 3069.07, 
"151", 0.825685, -0.563616, -0.0240893, 44.79, -0.563901, -0.825815, -0.00670076, -59.8621, -0.0161166, 0.0191167, -0.999687, 510.11, 0, 0, 0, 1, -3.27747, 2.15875, 422.849, -2.26407, -3.21836, 640.172, -0.000218214, -6.07055e-05, 1, 3280.85, 2958.55, 3178.96, 3498.41, 3383.17, 3168.21, 2843.18, 3066.5, 
"152", 0.827812, -0.560493, -0.0239533, 44.3908, -0.560789, -0.827924, -0.00759244, -60.4517, -0.015576, 0.0197179, -0.999684, 510.012, 0, 0, 0, 1, -3.28345, 2.14254, 423.722, -2.25046, -3.22794, 640.082, -0.000216912, -6.87504e-05, 1, 3281.72, 2958.83, 3177.82, 3498.19, 3383.08, 3169.44, 2843.57, 3065.71, 
"153", 0.830036, -0.55721, -0.0236077, 43.9941, -0.557506, -0.830133, -0.00812829, -61.0416, -0.0150684, 0.0199082, -0.999688, 509.913, 0, 0, 0, 1, -3.28966, 2.12749, 423.645, -2.23584, -3.23739, 639.217, -0.000213763, -7.35972e-05, 1, 3282.64, 2959.09, 3176.63, 3497.92, 3383.22, 3170.9, 2844.22, 3065.06, 
"154", 0.83228, -0.553839, -0.0239227, 43.6, -0.554151, -0.83237, -0.00880119, -61.6322, -0.0150381, 0.0205818, -0.999675, 509.814, 0, 0, 0, 1, -3.2973, 2.11092, 424.37, -2.22263, -3.24638, 639.051, -0.000216535, -7.96579e-05, 1, 3283.37, 2959.08, 3175.19, 3497.39, 3383.05, 3172.19, 2844.57, 3064.18, 
"155", 0.834466, -0.550511, -0.0245819, 43.2086, -0.550837, -0.834566, -0.00884712, -62.2233, -0.0156447, 0.0209232, -0.999659, 509.714, 0, 0, 0, 1, -3.30652, 2.09686, 425.815, -2.21086, -3.25337, 638.059, -0.000222426, -8.00496e-05, 1, 3283.82, 2958.69, 3173.51, 3496.46, 3383.06, 3173.62, 2845.1, 3063.5, 
"165", 0.850951, -0.524851, -0.0203667, 39.4093, -0.525101, -0.850986, -0.0095592, -68.1746, -0.0123146, 0.018829, -0.999747, 508.698, 0, 0, 0, 1, -3.35341, 1.99432, 431.076, -2.09571, -3.31735, 634.026, -0.000184562, -8.66197e-05, 1, 3290.08, 2959.93, 3163.71, 3492.95, 3387.03, 3187.49, 2853.84, 3061.25, 
"166", 0.852279, -0.522729, -0.0193429, 39.04, -0.522958, -0.852307, -0.00934804, -68.7739, -0.0115996, 0.0180827, -0.999769, 508.596, 0, 0, 0, 1, -3.35596, 1.98752, 430.749, -2.08444, -3.32271, 632.773, -0.000175378, -8.47509e-05, 1, 3290.75, 2960.25, 3163.08, 3492.82, 3387.77, 3188.95, 2855.04, 3061.4, 
"167", 0.85366, -0.520506, -0.0183882, 38.6723, -0.520722, -0.853672, -0.00969041, -69.3743, -0.0106536, 0.0178475, -0.999784, 508.493, 0, 0, 0, 1, -3.35822, 1.97787, 431.534, -2.07281, -3.3294, 633.225, -0.000166756, -8.78863e-05, 1, 3291.53, 2960.73, 3162.5, 3492.85, 3388.23, 3190.2, 2855.95, 3061.28, 
"168", 0.855063, -0.518204, -0.0182174, 38.3068, -0.518414, -0.855079, -0.00937228, -69.9753, -0.0107205, 0.017458, -0.99979, 508.391, 0, 0, 0, 1, -3.36306, 1.97007, 431.91, -2.06329, -3.33374, 632.724, -0.000165241, -8.50115e-05, 1, 3291.91, 2960.61, 3161.47, 3492.27, 3388.72, 3191.58, 2856.92, 3061.25, 
"169", 0.856452, -0.515898, -0.0184071, 37.943, -0.51611, -0.856472, -0.00930979, -70.5772, -0.0109623, 0.0174735, -0.999787, 508.288, 0, 0, 0, 1, -3.36817, 1.96091, 432.194, -2.05444, -3.33802, 631.982, -0.000166963, -8.44431e-05, 1, 3292.19, 2960.4, 3160.35, 3491.6, 3388.98, 3192.8, 2857.63, 3061.06, 
"178", 0.869354, -0.49369, -0.0222321, 34.1494, -0.472437, -0.817046, -0.330514, -77.062, 0.145007, 0.297837, -0.943539, 506.885, 0, 0, 0, 1, -3.12152, 0.890973, 407.709, -1.85107, -4.49168, 699.077, -0.000184944, -0.00274942, 1, 3353.71, 3046.52, 3209.4, 3627.38, 3254.08, 3080.44, 2655.27, 2904.54, 
"179", 0.87062, -0.491532, -0.0204213, 33.5787, -0.466132, -0.810934, -0.353704, -78.052, 0.157297, 0.317461, -0.935134, 506.496, 0, 0, 0, 1, -3.11456, 0.831006, 407.023, -1.8345, -4.6335, 709.71, -0.000169673, -0.00293883, 1, 3359.02, 3052.37, 3213.39, 3642.06, 3245.71, 3073.12, 2636.22, 2889.98, 
"180", 0.871711, -0.48962, -0.0197932, 33.015, -0.461787, -0.807304, -0.367441, -79.0339, 0.163927, 0.329443, -0.929836, 506.076, 0, 0, 0, 1, -3.11199, 0.792961, 406.852, -1.8242, -4.72365, 716.825, -0.00016436, -0.00305114, 1, 3361.85, 3055.4, 3215.05, 3650.41, 3240.83, 3069.1, 2624.62, 2881.03, 
"181", 0.872354, -0.488496, -0.0192272, 32.4546, -0.459209, -0.805295, -0.375002, -80.013, 0.167704, 0.335964, -0.926824, 505.635, 0, 0, 0, 1, -3.1096, 0.769822, 407.251, -1.81666, -4.77337, 720.502, -0.000159638, -0.00311346, 1, 3363.25, 3057, 3215.8, 3654.88, 3238.5, 3067.33, 2618.73, 2876.41, 
"182", 0.872842, -0.48762, -0.0193268, 31.896, -0.457964, -0.804792, -0.377596, -80.9932, 0.16857, 0.338433, -0.925769, 505.181, 0, 0, 0, 1, -3.10807, 0.762645, 406.273, -1.81258, -4.78748, 721.038, -0.00016044, -0.00313452, 1, 3363.27, 3057.17, 3215.35, 3655.55, 3238.04, 3067.33, 2617.37, 2875.25, 
"192", 0.88774, -0.458092, -0.0454833, 26.2896, -0.445798, -0.83084, -0.333121, -91.1482, 0.114811, 0.316002, -0.941786, 500.623, 0, 0, 0, 1, -3.17752, 0.73581, 411.812, -1.80469, -4.49493, 692.876, -0.000374959, -0.00274623, 1, 3340.81, 3029.99, 3175.14, 3594.62, 3252.88, 3094.03, 2660.16, 2900.43, 
"193", 0.889848, -0.453771, -0.0475604, 25.7328, -0.443375, -0.835418, -0.3248, -92.2014, 0.107652, 0.31011, -0.944586, 500.201, 0, 0, 0, 1, -3.18834, 0.739489, 412.332, -1.79584, -4.44884, 687.935, -0.000392104, -0.00267771, 1, 3338.33, 3026.59, 3170.07, 3586.68, 3255.93, 3098.75, 2668.15, 2904.78, 
"194", 0.891897, -0.449407, -0.0505352, 25.1794, -0.44127, -0.84035, -0.314789, -93.2599, 0.0990012, 0.303059, -0.947815, 499.789, 0, 0, 0, 1, -3.20151, 0.746158, 413.228, -1.79039, -4.39409, 682.478, -0.000416607, -0.00259512, 1, 3335.23, 3022.42, 3164.43, 3577.51, 3259.48, 3103.96, 2677.04, 2910.02, 
"195", 0.893763, -0.445385, -0.053107, 24.6289, -0.439157, -0.84482, -0.305649, -94.3242, 0.0912654, 0.2965, -0.950662, 499.389, 0, 0, 0, 1, -3.21377, 0.751375, 414.465, -1.78461, -4.34639, 677.837, -0.00043787, -0.00252007, 1, 3332.47, 3018.67, 3159.37, 3569.36, 3262.84, 3108.87, 2685.21, 2914.83, 
"196", 0.895555, -0.441537, -0.0550139, 24.0818, -0.436867, -0.849076, -0.297013, -95.3932, 0.0844314, 0.290025, -0.953287, 499.001, 0, 0, 0, 1, -3.22471, 0.757924, 415.095, -1.77657, -4.30256, 673.189, -0.000453767, -0.00244983, 1, 3330.1, 3015.36, 3154.82, 3562.06, 3266.19, 3113.7, 2693.14, 2919.4, 
"207", 0.922162, -0.379983, -0.0723226, 18.5275, -0.386787, -0.907625, -0.163133, -107.26, -0.00365415, 0.178408, -0.98395, 495.664, 0, 0, 0, 1, -3.42978, 0.880818, 433.696, -1.60847, -3.8046, 616.583, -0.00060874, -0.00137309, 1, 3306.7, 2973.19, 3098.61, 3475.84, 3319.58, 3189.67, 2803.38, 2980.67, 
"208", 0.92455, -0.374429, -0.0707814, 18.0757, -0.380977, -0.912159, -0.151073, -108.334, -0.00799766, 0.166641, -0.985985, 495.455, 0, 0, 0, 1, -3.44638, 0.896069, 435.391, -1.58312, -3.77499, 612.322, -0.000598041, -0.00127644, 1, 3306.39, 2971.13, 3095.59, 3470.91, 3325.32, 3197.26, 2813.52, 2986.11, 
"209", 0.926833, -0.369123, -0.0687657, 17.6258, -0.375297, -0.916344, -0.139522, -109.425, -0.0115122, 0.155121, -0.987828, 495.258, 0, 0, 0, 1, -3.46195, 0.910939, 437.383, -1.55722, -3.7484, 608.027, -0.000583326, -0.00118354, 1, 3306.38, 2969.45, 3093.02, 3466.59, 3331.03, 3204.68, 2823.32, 2991.38, 
"210", 0.929013, -0.364076, -0.0662113, 17.1778, -0.36977, -0.92027, -0.127959, -110.53, -0.0143454, 0.143358, -0.989567, 495.076, 0, 0, 0, 1, -3.47629, 0.928262, 438.629, -1.5309, -3.72375, 603.933, -0.0005641, -0.00109017, 1, 3306.63, 2968.06, 3090.87, 3462.71, 3336.93, 3212.13, 2833.12, 2996.75, 
"211", 0.931083, -0.359155, -0.0639778, 16.737, -0.364384, -0.924043, -0.115622, -111.638, -0.0175923, 0.130966, -0.991231, 494.908, 0, 0, 0, 1, -3.49286, 0.947973, 440.71, -1.50681, -3.69838, 600.172, -0.000547586, -0.000989606, 1, 3306.71, 2966.36, 3088.65, 3458.62, 3343.17, 3219.85, 2843.09, 3002.45, 
"221", 0.947143, -0.31458, -0.0629171, 12.596, -0.315884, -0.948725, -0.0117198, -123.121, -0.0560042, 0.0309749, -0.99795, 493.99, 0, 0, 0, 1, -3.69201, 1.12437, 460.112, -1.35951, -3.5296, 577.845, -0.0005599, -0.000104293, 1, 3303.11, 2943.15, 3063.41, 3420.39, 3395.84, 3287.26, 2918.43, 3048.8, 
"222", 0.94859, -0.309862, -0.0645213, 12.2085, -0.310698, -0.950504, -0.00309644, -124.308, -0.0603683, 0.0229839, -0.997912, 493.968, 0, 0, 0, 1, -3.71559, 1.13691, 462.532, -1.34858, -3.51923, 576.187, -0.000575981, -2.76371e-05, 1, 3302.53, 2940.41, 3060.41, 3416.66, 3400.19, 3293.45, 2924.27, 3052.41, 
"223", 0.949954, -0.305181, -0.066722, 11.8266, -0.305489, -0.952178, 0.00578453, -125.501, -0.0652965, 0.0148878, -0.997755, 493.956, 0, 0, 0, 1, -3.74103, 1.15072, 464.715, -1.33943, -3.50833, 574.584, -0.000597482, 5.18024e-05, 1, 3301.71, 2937.29, 3057.17, 3412.68, 3404.58, 3299.77, 2930.06, 3056.1, 
"224", 0.951444, -0.300447, -0.0669804, 11.449, -0.300285, -0.953765, 0.0127128, -126.7, -0.0677031, 0.00801768, -0.997673, 493.956, 0, 0, 0, 1, -3.75983, 1.15829, 466.936, -1.32433, -3.50357, 573.473, -0.000601618, 0.000114197, 1, 3301.94, 2935.71, 3055, 3410.1, 3408.47, 3305.38, 2935.35, 3059.09, 
"225", 0.952949, -0.295468, -0.067722, 11.0772, -0.294814, -0.955352, 0.019678, -127.907, -0.0705126, 0.00121329, -0.99751, 493.966, 0, 0, 0, 1, -3.78008, 1.16513, 469.044, -1.30957, -3.49883, 572.289, -0.00061008, 0.000177275, 1, 3302.04, 2933.91, 3052.57, 3407.31, 3412.29, 3311.1, 2940.57, 3062.01, 
"233", 0.964726, -0.253252, -0.0718842, 8.31964, -0.248846, -0.966365, 0.0649154, -137.762, -0.0859063, -0.0447375, -0.995298, 494.371, 0, 0, 0, 1, -3.92576, 1.17596, 482.252, -1.17125, -3.49175, 561.718, -0.000661109, 0.000597013, 1, 3306.25, 2924.16, 3035.36, 3389.26, 3438.72, 3353.98, 2977.72, 3080.98, 
"234", 0.96612, -0.247854, -0.0719797, 8.00338, -0.243136, -0.96758, 0.0683651, -139.018, -0.0865907, -0.0485481, -0.99506, 494.454, 0, 0, 0, 1, -3.93947, 1.16906, 484.237, -1.15122, -3.49508, 560.044, -0.000663155, 0.000629855, 1, 3307.24, 2923.85, 3033.66, 3387.76, 3441.04, 3358.42, 2981.39, 3082.47, 
"235", 0.967469, -0.242539, -0.0719594, 7.69355, -0.237571, -0.968761, 0.0711446, -140.278, -0.0869668, -0.0517347, -0.994867, 494.544, 0, 0, 0, 1, -3.95085, 1.15936, 485.295, -1.13143, -3.49872, 559.056, -0.000663952, 0.000656437, 1, 3308.3, 2923.79, 3032.09, 3386.45, 3443.06, 3362.5, 2984.75, 3083.7, 
"236", 0.96862, -0.237423, -0.073523, 7.39118, -0.23214, -0.969887, 0.0736887, -141.543, -0.0888044, -0.0543087, -0.994567, 494.637, 0, 0, 0, 1, -3.96496, 1.14914, 486.618, -1.11602, -3.50043, 557.667, -0.000678878, 0.000680411, 1, 3308.62, 2922.87, 3029.82, 3384.49, 3444.67, 3366.4, 2987.62, 3084.8, 
"237", 0.969886, -0.232317, -0.0731415, 7.09437, -0.226971, -0.971043, 0.0745682, -142.812, -0.088347, -0.0557217, -0.99453, 494.735, 0, 0, 0, 1, -3.97077, 1.1325, 486.863, -1.09496, -3.50658, 555.774, -0.000675778, 0.000688961, 1, 3309.86, 2923.48, 3028.61, 3383.73, 3445.77, 3369.45, 2990.09, 3085.3, 
"244", 0.978032, -0.193794, -0.0767942, 5.21076, -0.188005, -0.979176, 0.0766065, -151.799, -0.0900409, -0.0604859, -0.9941, 495.466, 0, 0, 0, 1, -4.01594, 0.988107, 490.636, -0.954009, -3.54101, 545.817, -0.000709305, 0.000707578, 1, 3316.64, 2926.09, 3016.91, 3375.94, 3449.82, 3389.46, 3004.83, 3086.47, 
"245", 0.979144, -0.188135, -0.0767, 4.96946, -0.182474, -0.980333, 0.0751724, -153.095, -0.089334, -0.0596088, -0.994216, 495.572, 0, 0, 0, 1, -4.01688, 0.960513, 490.93, -0.93089, -3.54824, 543.555, -0.000707919, 0.000693819, 1, 3317.93, 2927.29, 3015.61, 3375.36, 3449.56, 3391.42, 3006.26, 3085.92, 
"246", 0.980266, -0.182461, -0.0760751, 4.73519, -0.176871, -0.981392, 0.0747369, -154.394, -0.0882961, -0.0598066, -0.994297, 495.676, 0, 0, 0, 1, -4.01897, 0.93686, 491.467, -0.906958, -3.55494, 541.903, -0.000702145, 0.000689803, 1, 3319.47, 2928.58, 3014.57, 3374.87, 3449.9, 3393.89, 3008.3, 3085.82, 
"247", 0.981323, -0.17681, -0.075785, 4.50824, -0.171307, -0.982444, 0.0738727, -155.694, -0.0875159, -0.0595104, -0.994384, 495.78, 0, 0, 0, 1, -4.02057, 0.911557, 491.841, -0.883715, -3.56149, 539.962, -0.000699228, 0.000681591, 1, 3320.84, 2929.78, 3013.37, 3374.29, 3449.96, 3396.13, 3010.06, 3085.53, 
"248", 0.982323, -0.171223, -0.0756549, 4.28866, -0.165713, -0.983396, 0.0739734, -156.996, -0.0870647, -0.0601288, -0.994386, 495.883, 0, 0, 0, 1, -4.02432, 0.889893, 492.133, -0.861553, -3.56663, 538.508, -0.000698099, 0.000682582, 1, 3322.13, 2930.68, 3012.1, 3373.5, 3450.51, 3398.86, 3012.27, 3085.67, 
"256", 0.989557, -0.125937, -0.0701221, 2.79154, -0.121546, -0.990537, 0.0637361, -167.467, -0.0774853, -0.0545475, -0.9955, 496.667, 0, 0, 0, 1, -4.0166, 0.675535, 491.401, -0.668859, -3.61847, 524.317, -0.000644948, 0.000586214, 1, 3334.4, 2943.15, 3004.58, 3370.66, 3449.32, 3414.34, 3025.46, 3081.98, 
"257", 0.990427, -0.120457, -0.0674053, 2.63546, -0.116387, -0.991305, 0.0613815, -168.779, -0.0742131, -0.0529488, -0.995836, 496.757, 0, 0, 0, 1, -4.00901, 0.646222, 490.776, -0.640681, -3.6277, 522.861, -0.000619848, 0.000564456, 1, 3336.78, 2946.02, 3004.73, 3371.39, 3448.86, 3415.47, 3026.84, 3081.05, 
"258", 0.991124, -0.115158, -0.0664199, 2.48692, -0.111274, -0.992008, 0.0594793, -170.092, -0.0727386, -0.0515605, -0.996017, 496.844, 0, 0, 0, 1, -4.00602, 0.619526, 491.308, -0.616938, -3.63445, 520.413, -0.000610421, 0.000546642, 1, 3338.31, 2947.8, 3004.04, 3371.27, 3448.41, 3416.88, 3028.16, 3080.36, 
"259", 0.991734, -0.110182, -0.065749, 2.34512, -0.106414, -0.992611, 0.0583034, -171.404, -0.0716872, -0.0508249, -0.996131, 496.928, 0, 0, 0, 1, -4.00415, 0.595837, 490.639, -0.596057, -3.63922, 519.338, -0.000604045, 0.000535647, 1, 3339.64, 2949.22, 3003.26, 3370.95, 3448.34, 3418.61, 3029.73, 3080.05, 
"260", 0.992302, -0.105472, -0.0649097, 2.20968, -0.101914, -0.993222, 0.0558911, -172.717, -0.0703647, -0.0488456, -0.996325, 497.01, 0, 0, 0, 1, -3.99993, 0.569787, 490.931, -0.575425, -3.64523, 517.668, -0.000595798, 0.000513018, 1, 3340.93, 2950.89, 3002.6, 3370.88, 3447.67, 3419.58, 3030.65, 3079.21, 
"267", 0.996171, -0.0723573, -0.0490712, 1.426, -0.0702593, -0.996592, 0.0432119, -181.885, -0.0520307, -0.0395987, -0.99786, 497.502, 0, 0, 0, 1, -3.95897, 0.401147, 487.755, -0.406017, -3.69614, 506.069, -0.000450371, 0.000396594, 1, 3354.75, 2967.29, 3003.26, 3374.54, 3446.07, 3427.61, 3040.49, 3074.86, 
"268", 0.996533, -0.0687108, -0.0469154, 1.33594, -0.066788, -0.996908, 0.0413925, -183.191, -0.0496145, -0.0381156, -0.998041, 497.562, 0, 0, 0, 1, -3.95321, 0.38153, 487.425, -0.386454, -3.70246, 504.935, -0.000430578, 0.000379892, 1, 3356.43, 2969.33, 3003.5, 3375.16, 3445.93, 3428.45, 3041.64, 3074.37, 
"269", 0.996811, -0.0653925, -0.0457389, 1.25117, -0.0636127, -0.997199, 0.0393434, -184.495, -0.0481836, -0.0363084, -0.998178, 497.62, 0, 0, 0, 1, -3.94857, 0.36259, 487.538, -0.370534, -3.70741, 503.611, -0.000419559, 0.000360891, 1, 3357.54, 2970.82, 3003.3, 3375.38, 3445.61, 3429.16, 3042.48, 3073.87, 
"270", 0.997152, -0.0621694, -0.042705, 1.17008, -0.0605889, -0.997463, 0.0373583, -185.798, -0.0449193, -0.0346644, -0.998389, 497.676, 0, 0, 0, 1, -3.94093, 0.34407, 486.525, -0.350369, -3.71504, 502.539, -0.000391827, 0.000342764, 1, 3359.52, 2973.26, 3004.07, 3376.5, 3445.54, 3429.73, 3043.55, 3073.33, 
"271", 0.997412, -0.0588972, -0.0412377, 1.09406, -0.0574764, -0.997739, 0.0348313, -187.099, -0.043196, -0.0323709, -0.998542, 497.728, 0, 0, 0, 1, -3.93501, 0.324046, 486.733, -0.333834, -3.72077, 500.994, -0.000378124, 0.000319385, 1, 3360.73, 2974.95, 3004, 3376.91, 3444.99, 3430.14, 3044.17, 3072.57, 
"277", 0.998732, -0.0408503, -0.029428, 0.717211, -0.0402096, -0.998948, 0.022042, -194.871, -0.0302974, -0.0208308, -0.999324, 497.979, 0, 0, 0, 1, -3.89875, 0.21725, 484.179, -0.23392, -3.75615, 494.366, -0.000269512, 0.000201866, 1, 3369.18, 2985.89, 3005.52, 3380.78, 3443.37, 3433.13, 3049.02, 3069.11, 
"278", 0.99887, -0.0386114, -0.0276986, 0.666219, -0.0380489, -0.999065, 0.0205529, -196.159, -0.0284663, -0.0194758, -0.999405, 498.011, 0, 0, 0, 1, -3.89411, 0.204327, 483.348, -0.221079, -3.76068, 494.499, -0.000253671, 0.000188237, 1, 3370.35, 2987.35, 3005.83, 3381.36, 3443.5, 3433.79, 3049.96, 3068.96, 
"279", 0.99899, -0.0365815, -0.026087, 0.618119, -0.0360962, -0.999171, 0.0188372, -197.446, -0.0267545, -0.0178765, -0.999482, 498.039, 0, 0, 0, 1, -3.88942, 0.191746, 483.4, -0.209046, -3.76538, 493.533, -0.000238892, 0.000172496, 1, 3371.4, 2988.73, 3006.11, 3381.95, 3443.53, 3434.29, 3050.73, 3068.73, 
"280", 0.999094, -0.0346637, -0.0246751, 0.572777, -0.0342702, -0.999281, 0.0161943, -198.731, -0.0252187, -0.015334, -0.999564, 498.064, 0, 0, 0, 1, -3.88303, 0.176801, 482.264, -0.198089, -3.77045, 493.091, -0.00022581, 0.000148201, 1, 3372.26, 2990.08, 3006.24, 3382.54, 3443.09, 3434.31, 3050.98, 3068.08, 
"281", 0.999199, -0.0327863, -0.0229361, 0.52979, -0.0324763, -0.999378, 0.0137617, -200.013, -0.023373, -0.0130058, -0.999642, 498.086, 0, 0, 0, 1, -3.87692, 0.162855, 482.294, -0.186237, -3.77598, 491.791, -0.000209821, 0.000125892, 1, 3373.29, 2991.57, 3006.56, 3383.28, 3442.79, 3434.39, 3051.37, 3067.52, 
"288", 0.999585, -0.021709, -0.018943, 0.29322, -0.0216759, -0.999763, 0.00195217, -208.929, -0.0189809, -0.00154076, -0.999819, 498.153, 0, 0, 0, 1, -3.85239, 0.0878136, 480.402, -0.133443, -3.79529, 487.784, -0.000172644, 1.77935e-05, 1, 3376.4, 2996.74, 3005.39, 3384.24, 3442.78, 3437.83, 3055.38, 3066.85, 
"289", 0.999614, -0.0202637, -0.0189825, 0.267582, -0.0202629, -0.999795, 0.000230584, -210.194, -0.0189833, 0.000154146, -0.99982, 498.154, 0, 0, 0, 1, -3.84938, 0.0776054, 479.511, -0.128138, -3.79702, 487.723, -0.000172871, 2.10708e-06, 1, 3376.51, 2997.14, 3004.93, 3384.09, 3442.72, 3438.31, 3055.84, 3066.79, 
"290", 0.999654, -0.0188394, -0.0183812, 0.2435, -0.0188673, -0.999821, -0.00134258, -211.457, -0.0183526, 0.00168892, -0.99983, 498.153, 0, 0, 0, 1, -3.84613, 0.0679273, 479.942, -0.121061, -3.79965, 486.797, -0.000167318, -1.22282e-05, 1, 3376.94, 2997.85, 3004.82, 3384.26, 3442.8, 3438.81, 3056.43, 3066.77, 
"291", 0.999704, -0.0173448, -0.0170393, 0.220901, -0.0173719, -0.999848, -0.00144591, -212.718, -0.0170116, 0.00174149, -0.999854, 498.15, 0, 0, 0, 1, -3.84449, 0.0620145, 479.862, -0.111837, -3.80204, 486.656, -0.000155177, -1.31586e-05, 1, 3377.86, 2998.81, 3005.18, 3384.64, 3443.66, 3440, 3057.86, 3067.4, 
"292", 0.999744, -0.0157569, -0.0162274, 0.200325, -0.0157716, -0.999875, -0.000779839, -213.976, -0.0162131, 0.00103557, -0.999868, 498.146, 0, 0, 0, 1, -3.84473, 0.0578075, 479.598, -0.103545, -3.80279, 485.83, -0.000147892, -7.11423e-06, 1, 3378.6, 2999.44, 3005.32, 3384.66, 3444.83, 3441.65, 3059.65, 3068.43, 
"299", 0.999928, -0.00895992, -0.00799056, 0.0941829, -0.0090025, -0.999945, -0.00530847, -222.733, -0.00794256, 0.00538003, -0.999954, 498.094, 0, 0, 0, 1, -3.82807, 0.0199723, 478.514, -0.0556634, -3.82093, 483.377, -7.29488e-05, -4.84575e-05, 1, 3383.51, 3005.26, 3007.75, 3387.81, 3449.38, 3447.34, 3066.81, 3071.61, 
"300", 0.999944, -0.00815505, -0.00668225, 0.0832849, -0.00819363, -0.99995, -0.00576595, -223.977, -0.00663489, 0.00582038, -0.999961, 498.083, 0, 0, 0, 1, -3.8259, 0.0157166, 478.267, -0.0490882, -3.82354, 483.152, -6.10148e-05, -5.26623e-05, 1, 3384.27, 3006.11, 3008.21, 3388.34, 3450.15, 3448.2, 3067.9, 3072.17, 
"301", 0.999955, -0.00730199, -0.0060087, 0.0734167, -0.00733222, -0.99996, -0.00502315, -225.218, -0.00597178, 0.00506698, -0.999969, 498.071, 0, 0, 0, 1, -3.82647, 0.0144429, 478.811, -0.0439977, -3.82386, 482.459, -5.49075e-05, -4.58917e-05, 1, 3384.81, 3006.54, 3008.44, 3388.43, 3451.46, 3449.72, 3069.55, 3073.37, 
"302", 0.999959, -0.00659121, -0.00626571, 0.0646591, -0.00661906, -0.999968, -0.00443393, -226.458, -0.00623629, 0.00447522, -0.999971, 498.06, 0, 0, 0, 1, -3.82765, 0.0133099, 478.853, -0.0419893, -3.82279, 482.634, -5.72646e-05, -4.05204e-05, 1, 3384.85, 3006.48, 3008.22, 3388.1, 3452.63, 3451.21, 3071, 3074.6, 
"303", 0.99996, -0.0061463, -0.00648288, 0.0565353, -0.00617478, -0.999971, -0.00438203, -227.696, -0.00645576, 0.00442189, -0.999969, 498.049, 0, 0, 0, 1, -3.82788, 0.0117569, 478.821, -0.0408171, -3.82226, 481.592, -5.9241e-05, -4.00344e-05, 1, 3384.82, 3006.45, 3008.03, 3387.9, 3453.59, 3452.37, 3072.13, 3075.6, 
"310", 0.999989, -0.00374978, -0.00286172, 0.0123116, -0.00375673, -0.99999, -0.00242626, -236.324, -0.00285259, 0.00243698, -0.999993, 497.979, 0, 0, 0, 1, -3.82723, 0.00785828, 479.183, -0.0219745, -3.82606, 480.636, -2.62186e-05, -2.22261e-05, 1, 3387.18, 3008.55, 3009.55, 3389.02, 3461.64, 3460.71, 3081.16, 3083.08, 
"311", 0.999993, -0.00326515, -0.00156769, 0.0073122, -0.00327156, -0.999986, -0.00410562, -237.552, -0.00155426, 0.00411072, -0.99999, 497.97, 0, 0, 0, 1, -3.82304, 0.00155159, 478.775, -0.016675, -3.82985, 480.841, -1.43553e-05, -3.76043e-05, 1, 3387.78, 3009.44, 3009.97, 3389.72, 3461.84, 3460.87, 3081.55, 3083.07, 
"312", 0.999996, -0.00281387, 0.000317138, 0.00224751, -0.00281265, -0.999989, -0.00376183, -238.778, 0.00032772, 0.00376093, -0.999993, 497.959, 0, 0, 0, 1, -3.8218, 0.000749438, 478.827, -0.00990883, -3.83268, 480.113, 2.90528e-06, -3.44917e-05, 1, 3388.83, 3010.44, 3010.86, 3390.54, 3463.11, 3461.99, 3083.01, 3084.02, 
"313", 0.999995, -0.00242841, 0.00209186, -0.00268125, -0.00241909, -0.999987, -0.00444207, -240.004, 0.00210262, 0.00443698, -0.999988, 497.947, 0, 0, 0, 1, -3.81892, -0.00252479, 478.727, -0.00366446, -3.83638, 480.874, 1.91957e-05, -4.07471e-05, 1, 3389.73, 3011.46, 3011.62, 3391.41, 3463.87, 3462.6, 3083.93, 3084.48, 
"314", 0.999994, -0.00229843, 0.00263744, -0.00708378, -0.00228736, -0.999989, -0.00419268, -241.227, 0.00264705, 0.00418662, -0.999988, 497.935, 0, 0, 0, 1, -3.81875, -0.00236795, 479.038, -0.00172499, -3.83697, 480.042, 2.421e-05, -3.8478e-05, 1, 3390.04, 3011.74, 3011.89, 3391.63, 3465.04, 3463.72, 3085.15, 3085.57, 
"321", 0.999967, -0.00546655, 0.00607902, -0.0461642, -0.00544446, -0.999979, -0.00364449, -249.765, 0.00609882, 0.00361127, -0.999975, 497.848, 0, 0, 0, 1, -3.81588, 0.011215, 479.156, -0.00462405, -3.84181, 481.341, 5.58782e-05, -3.35093e-05, 1, 3391.16, 3012.83, 3014.27, 3393.87, 3473.34, 3470.24, 3092.32, 3093.34, 
"322", 0.999952, -0.00553645, 0.00814195, -0.0543606, -0.00549463, -0.999972, -0.00515025, -250.982, 0.00817023, 0.00510527, -0.999954, 497.836, 0, 0, 0, 1, -3.81139, 0.00746916, 479.049, 0.000725966, -3.84684, 481.795, 7.48719e-05, -4.73658e-05, 1, 3392.05, 3013.97, 3015.18, 3395.05, 3473.8, 3470.32, 3092.76, 3093.43, 
"323", 0.999947, -0.00566106, 0.0085967, -0.0624407, -0.00561077, -0.999967, -0.00586251, -252.198, 0.00862961, 0.00581397, -0.999946, 497.822, 0, 0, 0, 1, -3.80973, 0.00608865, 478.185, 0.00147547, -3.84821, 481.514, 7.90443e-05, -5.39041e-05, 1, 3392.19, 3014.24, 3015.37, 3395.36, 3474.51, 3470.92, 3093.44, 3094.08, 
"324", 0.99995, -0.00615519, 0.00790658, -0.070704, -0.00611258, -0.999967, -0.00540138, -253.412, 0.00793957, 0.00535277, -0.999954, 497.807, 0, 0, 0, 1, -3.81093, 0.009174, 478.768, -0.00227494, -3.84642, 481.79, 7.2692e-05, -4.9657e-05, 1, 3391.77, 3013.76, 3015.16, 3395.05, 3475.79, 3472.12, 3094.54, 3095.49, 
"325", 0.999945, -0.00708014, 0.00777091, -0.0799738, -0.00704709, -0.999966, -0.00427125, -254.625, 0.00780088, 0.00421625, -0.999961, 497.792, 0, 0, 0, 1, -3.81286, 0.0157419, 478.604, -0.00618862, -3.84497, 482.534, 7.14694e-05, -3.92856e-05, 1, 3391.6, 3013.42, 3015.36, 3395.04, 3477.53, 3473.54, 3095.95, 3097.28, 
"332", 0.99993, -0.0116257, -0.00223534, -0.156893, -0.0116345, -0.999924, -0.003962, -263.101, -0.00218911, 0.00398773, -0.99999, 497.691, 0, 0, 0, 1, -3.82157, 0.0337684, 478.632, -0.0503839, -3.82623, 483.701, -2.04652e-05, -3.62878e-05, 1, 3385.63, 3007.5, 3011.23, 3390.71, 3484.7, 3480.69, 3101.48, 3106.28, 
"333", 0.999932, -0.0111228, -0.00360514, -0.168648, -0.011136, -0.999931, -0.00364577, -264.31, -0.00356434, 0.00368567, -0.999987, 497.677, 0, 0, 0, 1, -3.82336, 0.0326663, 479.052, -0.0521353, -3.82348, 483.65, -3.30065e-05, -3.33683e-05, 1, 3385.05, 3006.87, 3010.46, 3389.88, 3485.65, 3482.06, 3102.62, 3107.47, 
"334", 0.999926, -0.0105314, -0.00607356, -0.179583, -0.0105545, -0.999937, -0.00378481, -265.518, -0.00603332, 0.00384863, -0.999974, 497.663, 0, 0, 0, 1, -3.82546, 0.0300044, 478.907, -0.0564591, -3.81931, 483.257, -5.55209e-05, -3.45945e-05, 1, 3383.91, 3005.74, 3009.09, 3388.53, 3486.26, 3483.31, 3103.45, 3108.51, 
"335", 0.999918, -0.0100475, -0.00798417, -0.190285, -0.010072, -0.999945, -0.00303183, -266.726, -0.00795326, 0.00311199, -0.999964, 497.649, 0, 0, 0, 1, -3.82858, 0.0301511, 479.091, -0.0597258, -3.81526, 483.382, -7.2949e-05, -2.77003e-05, 1, 3383.09, 3004.79, 3008.08, 3387.4, 3487.38, 3484.94, 3104.76, 3109.96, 
"336", 0.999922, -0.00954405, -0.00806187, -0.201188, -0.00957001, -0.999949, -0.00318761, -267.934, -0.00803104, 0.00326451, -0.999962, 497.636, 0, 0, 0, 1, -3.82831, 0.0278156, 479.121, -0.0580118, -3.81519, 483.211, -7.36526e-05, -2.91198e-05, 1, 3383.12, 3004.85, 3007.93, 3387.27, 3488.21, 3485.98, 3105.79, 3110.81, 
"343", 0.999977, -0.00402814, -0.00548627, -0.257352, -0.00402558, -0.999992, 0.00047883, -276.376, -0.00548816, -0.000456734, -0.999985, 497.551, 0, 0, 0, 1, -3.83153, 0.0166535, 479.672, -0.0299731, -3.81555, 480.29, -5.02634e-05, 4.38017e-06, 1, 3385.67, 3006.85, 3008.47, 3387.11, 3496.29, 3495.71, 3116.04, 3118.51, 
"344", 0.999983, -0.00371697, -0.00459557, -0.262904, -0.00372075, -0.999993, -0.000813148, -277.581, -0.00459252, 0.000830233, -0.999989, 497.542, 0, 0, 0, 1, -3.82833, 0.012018, 479.061, -0.0264505, -3.81821, 480.667, -4.20951e-05, -7.44869e-06, 1, 3386.06, 3007.48, 3008.75, 3387.6, 3496.67, 3496.05, 3116.54, 3118.74, 
"345", 0.999988, -0.00346386, -0.0033469, -0.268123, -0.00346778, -0.999993, -0.00116646, -278.786, -0.00334284, 0.00117805, -0.999994, 497.532, 0, 0, 0, 1, -3.82643, 0.0101209, 478.695, -0.0221616, -3.82061, 480.556, -3.06684e-05, -1.06911e-05, 1, 3386.7, 3008.18, 3009.3, 3388.21, 3497.56, 3496.82, 3117.53, 3119.42, 
"346", 0.999994, -0.00316548, -0.00111752, -0.273439, -0.00316603, -0.999995, -0.000491394, -279.991, -0.00111596, 0.00049493, -0.999999, 497.521, 0, 0, 0, 1, -3.82542, 0.0107907, 478.918, -0.0150761, -3.82375, 480.037, -1.02545e-05, -4.50615e-06, 1, 3387.92, 3009.3, 3010.42, 3389.2, 3499.04, 3498.03, 3119.14, 3120.53, 
"347", 0.999996, -0.00280371, -0.000487526, -0.277762, -0.00280409, -0.999996, -0.000782731, -281.195, -0.000485329, 0.000784095, -1, 497.51, 0, 0, 0, 1, -3.82425, 0.00863063, 479.271, -0.0120183, -3.82503, 479.882, -4.47528e-06, -7.18697e-06, 1, 3388.27, 3009.71, 3010.64, 3389.47, 3499.88, 3498.9, 3120.13, 3121.28, 
"353", 0.999994, -0.00332569, -0.000266392, -0.300208, -0.0033256, -0.999994, 0.000339587, -288.418, -0.000267519, -0.000338699, -1, 497.457, 0, 0, 0, 1, -3.82557, 0.0136273, 479.338, -0.013433, -3.82395, 480.591, -2.4558e-06, 3.11605e-06, 1, 3388.34, 3009.63, 3010.95, 3389.54, 3506.59, 3505.38, 3126.68, 3127.99, 
"354", 0.999995, -0.00320935, -0.000332987, -0.303723, -0.00320909, -0.999995, 0.000759308, -289.622, -0.000335422, -0.000758235, -1, 497.448, 0, 0, 0, 1, -3.8263, 0.0143046, 479.356, -0.0131656, -3.82338, 480.779, -3.05453e-06, 6.97218e-06, 1, 3388.36, 3009.58, 3010.93, 3389.44, 3507.78, 3506.62, 3127.92, 3129.19, 
"355", 0.999994, -0.00303752, -0.00164807, -0.306596, -0.00303555, -0.999995, 0.00119405, -290.825, -0.00165169, -0.00118904, -0.999998, 497.439, 0, 0, 0, 1, -3.82823, 0.0148041, 479.76, -0.0159971, -3.82064, 479.854, -1.51385e-05, 1.09573e-05, 1, 3387.76, 3008.92, 3010.27, 3388.7, 3508.85, 3507.99, 3129.07, 3130.5, 
"356", 0.999992, -0.0029837, -0.00255308, -0.309559, -0.00298028, -0.999995, 0.00134275, -292.029, -0.00255707, -0.00133513, -0.999996, 497.431, 0, 0, 0, 1, -3.82927, 0.0149861, 479.323, -0.0181902, -3.81888, 479.844, -2.34352e-05, 1.23184e-05, 1, 3387.32, 3008.46, 3009.82, 3388.22, 3509.84, 3509.16, 3130.08, 3131.65, 
"357", 0.999992, -0.00291464, -0.00267214, -0.312692, -0.0029066, -0.999991, 0.00300811, -293.231, -0.00268089, -0.00300032, -0.999992, 497.423, 0, 0, 0, 1, -3.83224, 0.019179, 479.413, -0.0182567, -3.81708, 480.663, -2.45417e-05, 2.76343e-05, 1, 3387.41, 3008.26, 3009.89, 3388, 3511.66, 3511.02, 3131.93, 3133.49, 
