6.7824e-06 2.9016e-05 -1.4683e-07 -5.8472e-08 -1.2554e-07 1.1574e-07
2.9016e-05 2.0840e-04 -9.9311e-07 -3.2555e-07 -8.8855e-07 9.1431e-07
-1.4683e-07 -9.9311e-07 4.6299e-09 1.4042e-09 4.1571e-09 -4.0869e-09
-5.8472e-08 -3.2555e-07 1.4042e-09 3.1281e-10 1.2888e-09 -9.9263e-10
-1.2554e-07 -8.8855e-07 4.1571e-09 1.2888e-09 3.7470e-09 -3.7074e-09
1.1574e-07 9.1431e-07 -4.0869e-09 -9.9263e-10 -3.7074e-09 3.7418e-09
