3.9227e+11 -5.2617e+12 -7.9704e+14 7.5926e+14 -6.8243e+14 -7.1730e+13
-5.2617e+12 -9.4914e+12 -3.1786e+15 1.4655e+15 3.5649e+13 -5.6573e+14
-7.9704e+14 -3.1786e+15 -7.8305e+17 4.7528e+17 -1.9284e+17 -1.1891e+17
7.5926e+14 1.4655e+15 4.7528e+17 -2.2542e+17 5.7740e+15 8.3463e+16
-6.8243e+14 3.5649e+13 -1.9284e+17 5.7740e+15 1.4887e+17 -4.9203e+16
-7.1730e+13 -5.6573e+14 -1.1891e+17 8.3463e+16 -4.9203e+16 -1.6038e+16
