-1.0452e+02 -2.8440e+02 1.3066e+02 -2.2801e+03 -1.4221e+03 2.3099e+01 -5.8858e+03 -1.0894e+03
-2.8440e+02 5.2193e+02 6.2526e+01 -2.9609e+03 -1.4841e+03 -8.1631e+01 -7.9270e+03 -1.7815e+03
1.3066e+02 6.2526e+01 2.5095e+01 -2.4982e+02 2.8965e+01 7.9175e+00 1.4969e+02 -1.0151e+02
-2.2801e+03 -2.9609e+03 -2.4982e+02 7.3482e+03 -8.6757e+02 1.3002e+01 3.7457e+03 4.9588e+01
-1.4221e+03 -1.4841e+03 2.8965e+01 -8.6757e+02 5.3496e+03 -2.9256e+01 -1.1007e+03 -1.9812e+03
2.3099e+01 -8.1631e+01 7.9175e+00 1.3002e+01 -2.9256e+01 1.2650e+01 1.4353e+02 -1.2716e+02
-5.8858e+03 -7.9270e+03 1.4969e+02 3.7457e+03 -1.1007e+03 1.4353e+02 -2.2479e+05 2.0062e+05
-1.0894e+03 -1.7815e+03 -1.0151e+02 4.9588e+01 -1.9812e+03 -1.2716e+02 2.0062e+05 8.0581e+04
